subroutine initial_values


coef(703) beta
coef(60) phi
beta(1)         = 1.497516
beta(2)         = -0.540927
beta(213)       = -0.328852
beta(214)       = 1.061453
beta(216)       = -0.266658
beta(10)        = 1.325310
beta(401)       = 0.625693
beta(404)       = 0.090059
beta(405)       = 0.440360
beta(406)       = -0.324208
beta(407)       = -0.435237
beta(408)       = 0.293555
beta(409)       = 0.253904
beta(6)         = 0.331366
beta(602)       = 0.927692

phi(20)         = 0.301616
phi(22)         = 0.020651
phi(30)         = 0.452297
phi(31)         = 0.649965
phi(40)         = 0.042475
phi(41)         = 0.727876
phi(50)         = 0.299981
phi(51)         = 0.528947

beta(105)       = 0.176896
beta(106)       = 0.086226
beta(107)       = 0.210419
beta(104)       = 0.229143
beta(100)       = 0.000001
beta(109)       = 0.803236
beta(111)       = 0.566205
beta(119)       = 0.099423
beta(123)       = 0.129325
beta(115)       = 0.140001
beta(117)       = 0.081062
beta(124)       = 0.136532
beta(118)       = 0.010000
beta(122)       = 0.050000
beta(114)       = 0.107852
beta(112)       = 0.044151
beta(126)       = 0.476765
beta(125)       = 0.534807
beta(11) = 1/beta(10) 


endsub
